	host species	locality	season	year	case	Dper	Dcon	Fgib	Scep	Sacsp	Scur	Sobe	Sten	Sbra	Hben	Hspl	Sspa	Lput	Lesp	Leco	Spap	Sdim	Smin	Aadr	Nper	Cbio	Lmed	Lcep	Lcha	Limi	Lszi	Lcon	Lvan	Mcep	Erge
2CSPS01	Mc	SPS	A	2004	0	0	0	0	0	0	0	0	0	0	0	0	0	0	0	0	0	0	0	0	6	3	0	0	0	0	0	0	0	0	0
2CSPS02	Mc	SPS	A	2004	0	1	0	0	0	0	0	0	0	0	0	1	0	0	0	0	0	0	0	0	1	2	0	0	0	0	0	0	0	0	0
2CSPS03	Mc	SPS	A	2004	0	0	0	0	0	0	0	0	0	0	0	0	0	0	0	0	0	0	0	0	10	0	14	5	3	0	0	0	0	0	0
2CSPS04	Mc	SPS	A	2004	0	0	0	0	0	0	0	0	0	0	0	0	0	0	0	0	0	1	0	0	4	1	1	0	4	0	0	0	0	0	0
2CSPS05	Mc	SPS	A	2004	0	0	0	0	0	0	0	0	0	0	0	0	0	0	0	0	0	0	0	0	18	0	0	0	2	0	0	0	0	0	0
2CSPS06	Mc	SPS	A	2004	0	0	0	0	0	0	0	0	0	0	0	0	0	0	0	0	0	0	0	0	0	2	2	2	2	0	0	0	0	0	0
2CSPS07	Mc	SPS	A	2004	0	0	0	0	0	0	0	0	0	0	0	0	0	0	0	0	0	0	0	0	1	1	3	0	1	0	0	0	0	0	0
2CSPS08	Mc	SPS	A	2004	0	0	0	22	0	0	0	0	0	0	0	0	0	0	0	0	0	0	0	0	1	1	0	0	0	0	0	0	0	0	0
2CSPS09	Mc	SPS	A	2004	0	0	0	0	0	0	0	0	0	0	0	0	0	0	0	0	0	3	0	0	6	4	1	0	2	0	0	0	0	0	0
2CSPS10	Mc	SPS	A	2004	0	0	0	0	0	0	0	0	0	0	0	0	0	0	0	0	0	0	0	0	1	1	0	0	3	0	0	0	0	0	0
2CSPS11	Mc	SPS	A	2004	0	0	0	0	0	0	0	0	0	0	0	0	0	0	0	0	0	0	0	0	3	3	0	0	2	0	0	0	0	0	0
2CSPS12	Mc	SPS	A	2004	0	0	0	9	0	0	0	0	0	0	0	0	0	0	0	0	0	0	0	0	8	1	0	0	0	0	0	0	0	0	0
2CSPS13	Mc	SPS	A	2004	0	0	0	0	0	0	0	0	0	0	0	0	0	0	0	0	0	0	0	0	0	1	0	0	0	0	0	0	0	0	0
2CSPS14	Mc	SPS	A	2004	0	0	0	0	0	0	0	0	0	0	0	0	0	0	0	0	1	0	0	0	8	0	17	6	0	0	0	0	0	0	0
2CSPS15	Mc	SPS	A	2004	0	0	0	54	1	0	0	0	0	0	0	0	0	0	0	5	0	0	0	0	15	1	0	0	5	0	0	0	0	0	0
2CSPS16	Mc	SPS	A	2004	0	0	0	0	0	0	0	0	0	0	0	0	0	0	0	0	0	0	0	0	0	1	0	0	0	0	0	0	0	0	0
2CSPS17	Mc	SPS	A	2004	0	0	0	0	0	0	0	0	0	0	0	0	0	0	0	0	0	0	0	0	11	0	0	0	0	0	0	0	0	0	0
2CSPS18	Mc	SPS	A	2004	0	0	0	0	0	0	0	0	0	0	0	0	0	0	0	0	0	0	0	0	2	0	0	0	0	0	0	0	0	0	0
2CSPS19	Mc	SPS	A	2004	0	0	0	0	0	0	0	0	0	0	0	0	0	0	0	0	0	0	0	0	0	6	0	0	0	0	0	0	0	0	0
2CSPS20	Mc	SPS	A	2004	0	0	0	0	0	0	0	0	0	0	0	0	0	0	0	0	0	0	0	0	1	2	0	0	2	0	0	0	0	0	0
4CSPS01	Mc	SPS	A	2005	1	0	0	0	0	0	0	0	0	0	0	0	0	0	0	1	1	0	0	0	3	0	0	4	0	0	0	0	0	0	0
4CSPS02	Mc	SPS	A	2005	1	0	0	0	0	0	0	0	0	0	0	5	0	0	0	1	0	0	0	0	7	4	6	2	0	0	0	0	0	0	0
4CSPS03	Mc	SPS	A	2005	1	0	0	0	0	0	0	0	0	0	0	0	0	0	0	0	0	4	0	0	7	0	0	0	0	0	0	0	0	0	0
4CSPS04	Mc	SPS	A	2005	1	0	0	0	0	0	0	0	0	0	0	0	0	0	0	0	0	0	0	0	0	2	3	0	0	0	0	0	0	0	0
4CSPS05	Mc	SPS	A	2005	1	0	0	0	0	0	0	0	0	0	0	0	0	0	0	0	0	0	0	0	14	1	1	0	0	0	0	0	0	0	0
4CSPS06	Mc	SPS	A	2005	1	5	0	0	0	0	0	0	0	0	0	1	0	0	0	0	0	0	0	0	2	0	2	3	0	0	0	0	0	0	0
4CSPS07	Mc	SPS	A	2005	1	0	0	0	0	0	0	0	0	0	0	0	0	0	0	0	0	0	0	0	2	12	1	1	0	0	0	0	0	0	0
4CSPS08	Mc	SPS	A	2005	1	0	0	0	0	0	0	0	0	0	0	0	0	0	0	0	0	0	0	0	3	4	3	0	0	0	0	0	0	0	0
4CSPS09	Mc	SPS	A	2005	1	0	0	0	0	0	0	0	0	0	0	0	0	0	0	0	0	0	0	0	0	7	0	1	0	0	0	0	0	0	0
4CSPS10	Mc	SPS	A	2005	1	0	0	0	0	0	0	0	0	0	0	0	0	0	0	0	4	0	0	0	8	0	0	0	0	0	0	0	0	0	0
4CSPS11	Mc	SPS	A	2005	1	0	0	57	0	0	0	0	0	0	0	0	0	0	0	0	0	1	0	0	93	3	11	0	0	0	0	0	0	0	0
4CSPS12	Mc	SPS	A	2005	1	0	0	0	0	0	0	0	0	0	0	0	0	0	0	0	0	0	0	0	0	8	21	0	2	0	0	0	0	0	0
4CSPS13	Mc	SPS	A	2005	1	0	0	0	0	0	0	0	0	0	0	0	0	0	0	6	0	0	0	0	17	0	3	0	7	0	0	0	0	0	0
4CSPS14	Mc	SPS	A	2005	1	0	0	0	0	0	0	0	0	0	0	0	0	0	0	0	1	0	0	0	14	5	2	0	1	0	0	0	0	0	0
4CSPS15	Mc	SPS	A	2005	1	3	0	0	0	0	0	0	0	0	0	0	0	0	0	0	0	0	0	0	4	2	0	8	0	0	0	0	0	0	0
4CSPS16	Mc	SPS	A	2005	1	0	0	0	0	0	0	0	0	0	0	0	0	0	0	0	0	0	0	0	3	5	0	0	1	0	0	0	0	0	0
4CSPS17	Mc	SPS	A	2005	1	0	0	0	0	0	0	0	0	0	0	0	0	0	0	2	0	0	0	0	1	1	1	0	0	0	0	0	0	1	0
4CSPS18	Mc	SPS	A	2005	1	0	0	2	0	0	0	0	0	0	0	0	0	0	0	0	0	0	0	0	3	0	0	0	0	0	0	0	0	0	0
4CSPS19	Mc	SPS	A	2005	1	0	0	0	0	0	0	0	0	0	0	0	0	0	0	2	0	11	0	0	2	0	0	9	0	0	0	0	0	0	0
4CSPS20	Mc	SPS	A	2005	1	0	0	0	0	0	0	0	0	0	0	0	0	0	0	0	0	0	0	0	6	2	4	2	1	0	0	0	0	0	0
4CSPS21	Mc	SPS	A	2005	1	0	0	0	0	0	0	0	0	0	0	0	0	0	0	0	0	0	0	0	1	5	3	0	2	0	0	0	0	0	0
4CSPS22	Mc	SPS	A	2005	1	0	0	4	0	0	0	0	0	0	0	0	0	0	0	4	0	0	0	0	11	0	6	3	4	0	0	0	0	0	0
4CSPS23	Mc	SPS	A	2005	1	0	0	0	0	0	0	0	0	0	0	0	0	0	0	14	0	12	0	0	14	10	5	30	5	0	0	0	0	0	0
4CSPS24	Mc	SPS	A	2005	1	0	0	0	0	0	0	0	0	0	0	0	0	0	0	0	0	0	0	0	0	2	6	4	2	0	0	0	0	0	0
4CSPS25	Mc	SPS	A	2005	1	0	0	0	0	0	0	0	0	0	0	0	0	0	0	0	0	0	0	0	33	1	2	0	0	0	0	0	0	0	0
4CSPS26	Mc	SPS	A	2005	1	0	0	0	0	0	0	0	0	0	0	0	0	0	0	4	0	0	0	0	40	7	0	0	0	0	0	0	0	0	0
4CSPS27	Mc	SPS	A	2005	1	0	0	0	0	0	0	0	0	0	0	0	0	0	0	0	0	0	0	0	26	0	4	14	3	0	0	0	0	0	0
4CSPS28	Mc	SPS	A	2005	1	0	0	0	0	0	0	0	0	0	0	1	0	0	0	1	0	5	0	0	3	8	10	2	8	0	0	0	0	0	0
4CSPS29	Mc	SPS	A	2005	1	0	0	1	0	0	0	0	0	0	0	2	0	0	0	3	1	0	0	0	11	5	25	7	0	0	0	0	0	0	0
4CSPS30	Mc	SPS	A	2005	1	0	0	0	54	107	13	0	0	0	0	10	0	0	0	2	0	3	0	0	129	9	36	1	2	0	0	0	0	0	0
2ASPS01	Ca	SPS	A	2004	0	0	0	0	0	0	0	0	0	0	0	0	0	0	0	0	0	0	0	7	0	0	0	0	0	0	56	0	85	0	0
2ASPS02	Ca	SPS	A	2004	0	0	0	0	0	0	0	0	0	0	0	0	0	0	0	0	0	0	0	17	0	0	0	0	0	0	19	0	0	0	0
2ASPS03	Ca	SPS	A	2004	0	97	0	0	0	0	0	2	0	1	0	0	5	0	0	0	0	0	0	1	0	0	0	0	0	0	0	0	8	0	0
2ASPS04	Ca	SPS	A	2004	0	0	0	0	0	0	0	0	0	0	0	0	5	0	0	0	0	0	0	9	0	0	0	0	0	0	13	0	38	0	0
2ASPS05	Ca	SPS	A	2004	0	0	0	0	0	0	0	0	0	0	0	0	0	0	0	0	0	0	0	4	0	0	0	0	0	0	175	0	70	0	0
2ASPS06	Ca	SPS	A	2004	0	0	0	0	0	0	0	0	0	0	0	0	6	0	0	0	0	0	0	6	0	0	0	0	0	0	10	0	5	0	0
2ASPS07	Ca	SPS	A	2004	0	0	0	0	0	0	0	0	0	0	0	0	0	0	0	0	0	0	0	1	0	0	0	0	0	0	19	0	7	0	0
2ASPS08	Ca	SPS	A	2004	0	0	0	0	0	0	0	0	0	0	0	0	5	0	0	0	0	0	0	6	0	0	0	0	0	0	7	0	4	0	0
2ASPS09	Ca	SPS	A	2004	0	0	0	0	0	0	0	0	0	0	0	0	0	0	0	0	0	0	0	21	0	0	0	0	0	0	0	0	0	0	0
2ASPS10	Ca	SPS	A	2004	0	0	0	0	0	0	0	0	0	0	0	0	6	0	0	0	0	0	0	5	0	0	0	0	0	0	0	0	3	0	0
2ASPS11	Ca	SPS	A	2004	0	1	0	0	0	0	0	0	0	0	0	0	10	0	0	0	0	0	0	4	0	0	0	0	0	0	0	0	1	0	0
2ASPS12	Ca	SPS	A	2004	0	2	0	0	0	0	0	2	0	0	0	0	1	0	0	0	0	0	0	11	0	0	0	0	0	0	0	0	0	0	0
4ASPS01	Ca	SPS	A	2005	0	0	0	0	0	1	0	1	0	0	0	0	3	0	0	0	0	0	0	7	0	0	0	0	0	0	174	0	172	0	0
4ASPS02	Ca	SPS	A	2005	0	0	0	0	0	0	0	0	0	0	0	0	5	0	0	0	1	0	0	7	0	0	0	0	0	0	15	0	3	1	0
4ASPS03	Ca	SPS	A	2005	0	0	0	0	0	0	0	0	0	0	0	0	1	0	0	0	0	0	0	6	0	0	0	0	0	0	34	0	33	0	0
4ASPS04	Ca	SPS	A	2005	0	0	0	0	0	0	0	0	0	0	0	0	17	0	0	0	0	0	0	1	0	0	0	0	0	0	16	0	7	0	0
4ASPS05	Ca	SPS	A	2005	0	20	0	0	0	2	0	1	0	1	0	0	0	0	0	0	0	0	0	2	0	0	0	0	0	0	1	0	1	0	0
4ASPS06	Ca	SPS	A	2005	0	6	0	0	0	1	0	1	0	0	0	0	3	0	0	1	0	0	0	3	0	0	0	0	0	0	23	0	16	0	0
4ASPS07	Ca	SPS	A	2005	0	0	0	0	0	0	0	0	0	0	0	0	0	0	0	0	0	0	0	1	0	0	0	0	0	0	12	0	2	0	0
4ASPS08	Ca	SPS	A	2005	0	0	0	0	0	0	0	0	0	0	0	0	0	0	0	0	0	0	0	23	0	0	0	0	0	0	17	0	27	0	0
4ASPS09	Ca	SPS	A	2005	0	0	0	0	0	0	0	0	0	0	0	0	43	0	0	0	0	0	0	26	0	0	0	0	0	0	3	0	7	0	0
4ASPS10	Ca	SPS	A	2005	0	2	0	0	0	8	0	6	0	2	0	2	1	0	0	1	0	0	0	7	0	0	0	0	0	0	21	0	6	0	0
4ASPS11	Ca	SPS	A	2005	0	0	0	0	0	0	0	0	0	0	0	0	36	0	0	0	0	0	0	7	0	0	0	0	0	0	1	0	6	0	0
4ASPS12	Ca	SPS	A	2005	0	0	0	0	0	0	0	0	0	0	0	0	172	0	0	2	0	0	0	30	0	0	0	0	0	0	11	0	25	0	0
4ASPS13	Ca	SPS	A	2005	0	0	0	0	0	1	0	1	0	0	0	0	17	0	0	0	0	0	0	2	0	0	0	0	0	0	2	0	1	0	0
4ASPS14	Ca	SPS	A	2005	0	0	0	0	0	0	0	0	0	0	0	0	32	0	0	0	0	0	0	22	0	0	0	0	0	0	51	0	16	0	0
4ASPS15	Ca	SPS	A	2005	0	0	1	0	0	0	0	0	0	0	0	0	0	0	0	0	0	0	0	19	0	0	0	0	0	0	10	0	8	0	0
4ASPS16	Ca	SPS	A	2005	0	137	0	0	0	0	0	0	0	0	0	0	0	0	0	0	0	0	0	7	0	0	0	0	0	0	1	0	6	0	0
4ASPS17	Ca	SPS	A	2005	0	0	1	0	0	0	0	0	0	0	0	0	1	0	0	0	2	0	0	4	0	0	0	0	0	0	4	0	7	0	0
4ASPS18	Ca	SPS	A	2005	0	0	0	0	0	0	0	0	0	0	0	0	2	0	0	1	0	0	0	1	0	0	0	0	0	0	6	0	2	0	0
4ASPS19	Ca	SPS	A	2005	0	0	0	0	0	4	0	3	0	1	0	0	7	0	0	0	0	0	0	0	0	0	0	0	0	0	0	0	1	3	0
4ASPS20	Ca	SPS	A	2005	0	13	0	0	0	0	0	0	0	0	0	0	9	0	0	0	0	0	0	0	0	0	0	0	0	0	0	0	2	0	0
4ASPS21	Ca	SPS	A	2005	0	3	0	0	0	1	0	0	0	1	0	1	1	0	0	0	0	0	0	2	0	0	0	0	0	0	5	0	4	0	0
4ASPS22	Ca	SPS	A	2005	0	0	0	0	0	0	0	0	0	0	0	0	9	0	0	0	1	0	0	40	0	0	0	0	0	0	9	0	32	0	0
4ASPS23	Ca	SPS	A	2005	0	1	0	0	0	2	0	2	0	0	0	0	2	0	0	1	0	0	0	0	0	0	0	0	0	0	0	0	0	0	0
4ASPS24	Ca	SPS	A	2005	0	3	0	0	0	0	0	0	0	0	0	0	1	0	0	0	0	0	0	14	0	0	0	0	0	0	5	0	8	0	0
4ASPS25	Ca	SPS	A	2005	0	0	0	0	0	0	0	0	0	0	0	0	0	0	0	0	0	0	0	8	0	0	0	0	0	0	22	0	20	0	0
4ASPS26	Ca	SPS	A	2005	0	0	0	0	0	0	0	0	0	0	0	0	27	0	0	0	0	0	0	3	0	0	0	0	0	0	3	0	3	0	0
4ASPS27	Ca	SPS	A	2005	0	7	0	0	0	0	0	0	0	0	0	0	1	0	0	3	0	0	0	4	0	0	0	0	0	0	12	0	0	0	0
4ASPS28	Ca	SPS	A	2005	0	3	0	0	0	0	0	0	0	0	0	0	133	0	0	0	0	0	0	2	0	0	0	0	0	0	2	0	3	0	0
4ASPS29	Ca	SPS	A	2005	0	0	0	0	0	0	0	0	0	0	0	0	5	0	0	0	0	0	0	20	0	0	0	0	0	0	5	0	10	0	0
4ASPS30	Ca	SPS	A	2005	0	1	0	0	0	3	0	2	0	1	0	3	8	0	0	2	0	0	0	1	0	0	0	0	0	0	4	0	1	0	0
2RSPS01	Cr	SPS	A	2004	0	0	1	0	0	0	0	0	0	0	0	0	0	0	0	0	1	0	0	4	0	0	0	0	0	5	0	15	0	0	0
2RSPS02	Cr	SPS	A	2004	0	0	64	0	2	0	0	0	2	0	0	1	0	0	0	0	0	0	0	4	0	0	0	0	0	30	0	172	0	0	0
2RSPS03	Cr	SPS	A	2004	0	0	0	0	0	0	0	0	0	0	0	0	0	0	0	0	1	0	0	1	0	0	0	0	0	8	0	16	0	0	0
2RSPS04	Cr	SPS	A	2004	0	0	5	0	0	0	0	0	0	0	0	3	0	0	0	0	0	0	0	2	0	0	0	0	0	6	0	88	0	0	1
2RSPS05	Cr	SPS	A	2004	0	7	0	0	0	0	0	0	0	0	0	0	0	0	0	0	0	0	0	0	0	0	0	0	0	10	0	25	0	0	0
2RSPS06	Cr	SPS	A	2004	0	0	0	0	0	0	0	0	0	0	0	0	0	0	0	0	0	0	0	35	0	0	0	0	0	0	0	33	0	0	1
2RSPS07	Cr	SPS	A	2004	0	0	10	0	2	0	0	0	2	0	0	2	0	0	0	0	0	0	0	9	0	0	0	0	0	10	0	24	0	0	0
2RSPS08	Cr	SPS	A	2004	0	0	0	0	0	0	0	0	0	0	0	0	0	0	0	0	0	0	0	0	0	0	0	0	0	2	0	17	0	0	0
2RSPS09	Cr	SPS	A	2004	0	0	0	0	0	0	0	0	0	0	0	2	0	0	0	0	1	0	0	3	0	0	0	0	0	32	0	129	0	0	1
2RSPS10	Cr	SPS	A	2004	0	0	0	0	0	0	0	0	0	0	0	0	0	0	0	0	0	0	0	10	0	0	0	0	0	13	0	113	0	0	0
2RSPS11	Cr	SPS	A	2004	0	0	0	0	0	0	0	0	0	0	0	1	0	0	0	0	1	0	0	7	0	1	0	0	0	4	0	4	0	0	0
2RSPS12	Cr	SPS	A	2004	0	0	0	0	0	0	0	0	0	0	0	2	0	0	0	0	0	0	0	4	0	1	0	0	0	13	0	350	0	0	0
2RSPS13	Cr	SPS	A	2004	0	0	26	0	0	0	0	0	0	0	0	0	0	0	0	1	0	0	0	29	0	0	0	0	0	22	0	72	0	0	0
2RSPS14	Cr	SPS	A	2004	0	0	53	0	0	0	0	0	0	0	0	0	0	0	0	0	0	0	0	9	0	0	0	0	0	15	0	157	0	0	0
2RSPS15	Cr	SPS	A	2004	0	0	0	0	0	0	0	0	0	0	0	0	0	0	0	0	0	0	0	7	0	0	0	0	0	10	0	59	0	0	0
2RSPS16	Cr	SPS	A	2004	0	0	1	0	1	0	0	0	0	0	1	0	0	0	0	0	0	0	0	9	0	0	0	0	0	12	0	498	0	0	0
2RSPS17	Cr	SPS	A	2004	0	3	0	0	0	0	0	0	0	0	0	1	0	0	0	0	0	0	0	20	0	0	0	0	0	7	0	150	0	0	1
2RSPS18	Cr	SPS	A	2004	0	0	0	0	0	0	0	0	0	0	0	1	0	0	0	0	0	0	0	0	0	0	0	0	0	0	0	33	0	0	0
2RSPS19	Cr	SPS	A	2004	0	0	0	0	0	0	0	0	0	0	0	0	0	0	0	0	0	0	0	3	0	0	0	0	0	3	0	36	0	0	0
2RSPS20	Cr	SPS	A	2004	0	0	0	0	0	0	0	0	0	0	0	0	0	0	0	0	0	0	0	0	0	0	0	0	0	0	0	8	0	0	0
2RSPS21	Cr	SPS	A	2004	0	0	8	0	3	0	0	0	3	0	0	5	0	0	0	0	0	0	0	7	0	0	0	0	0	2	0	32	0	0	0
2RSPS22	Cr	SPS	A	2004	0	0	3	0	0	0	0	0	0	0	0	0	0	0	0	1	0	0	0	1	0	0	0	0	0	0	0	15	0	0	0
2RSPS23	Cr	SPS	A	2004	0	0	0	0	0	0	0	0	0	0	0	0	0	0	0	0	0	0	0	6	0	0	0	0	0	2	0	5	0	0	1
2RSPS24	Cr	SPS	A	2004	0	0	0	0	0	0	0	0	0	0	0	2	0	0	0	0	0	0	0	2	0	0	0	0	0	5	0	101	0	0	0
2RSPS25	Cr	SPS	A	2004	0	0	0	0	0	0	0	0	0	0	0	0	0	0	0	0	0	0	0	6	0	0	0	0	0	64	0	156	0	0	0
2RSPS26	Cr	SPS	A	2004	0	0	0	0	0	0	0	0	0	0	0	0	1	0	0	0	0	0	0	3	0	0	0	0	0	4	0	256	0	0	0
2RSPS27	Cr	SPS	A	2004	0	0	12	0	3	0	0	0	3	0	0	2	0	0	0	0	0	0	0	8	0	0	0	0	0	3	0	45	0	0	0
2RSPS28	Cr	SPS	A	2004	0	0	1	0	0	0	0	0	0	0	0	0	0	0	0	0	1	0	0	3	0	0	0	0	0	13	0	29	0	0	0
2RSPS29	Cr	SPS	A	2004	0	0	11	0	0	0	0	0	0	0	0	0	0	0	0	0	0	0	0	2	0	0	0	0	0	21	0	82	0	0	0
2RSPS30	Cr	SPS	A	2004	0	0	2	0	0	0	0	0	0	0	0	0	0	0	0	0	0	0	0	1	0	0	0	0	0	4	0	363	0	0	0
4RSPS01	Cr	SPS	A	2005	0	0	0	0	0	0	0	0	0	0	0	0	0	0	0	0	0	0	0	8	0	0	0	0	0	12	0	208	0	0	0
4RSPS02	Cr	SPS	A	2005	0	0	0	0	0	0	0	0	11	0	3	15	0	0	0	0	1	0	0	6	0	0	0	0	0	9	0	31	0	0	0
4RSPS03	Cr	SPS	A	2005	0	0	0	0	0	0	0	0	0	0	0	0	0	0	0	0	0	0	0	0	0	0	0	0	0	0	0	382	0	0	0
4RSPS04	Cr	SPS	A	2005	0	0	0	0	0	0	0	0	0	0	0	0	0	0	0	0	0	0	0	7	0	0	0	0	0	1	0	40	0	0	0
4RSPS05	Cr	SPS	A	2005	0	0	0	0	0	0	0	0	1	0	0	0	1	0	0	0	0	0	0	4	0	0	0	0	0	1	0	35	0	0	0
4RSPS06	Cr	SPS	A	2005	0	0	0	0	0	0	0	0	1	0	0	0	0	0	0	1	0	0	0	21	0	0	0	0	0	185	0	202	0	0	0
4RSPS07	Cr	SPS	A	2005	0	0	2	0	0	0	0	0	11	0	3	9	0	0	0	0	0	0	0	15	0	0	0	0	0	1	0	292	0	0	0
4RSPS08	Cr	SPS	A	2005	0	0	0	0	0	0	0	0	0	0	0	0	0	0	0	0	0	0	0	4	0	0	0	0	0	0	0	576	0	0	0
4RSPS09	Cr	SPS	A	2005	0	0	0	0	0	0	0	0	0	0	0	0	0	0	0	0	2	0	0	3	0	0	0	0	0	41	0	48	0	0	0
4RSPS10	Cr	SPS	A	2005	0	0	0	0	0	0	0	0	0	0	0	0	0	0	0	2	0	0	0	2	0	0	0	0	0	3	0	145	0	0	0
4RSPS11	Cr	SPS	A	2005	0	0	0	0	0	0	0	0	0	0	0	0	0	0	0	0	2	0	0	5	0	2	0	0	0	0	0	211	0	0	0
4RSPS12	Cr	SPS	A	2005	0	0	0	0	0	0	0	0	0	0	0	0	0	0	0	0	0	0	0	8	0	0	0	0	0	11	0	607	0	0	0
4RSPS13	Cr	SPS	A	2005	0	0	0	0	0	0	0	0	0	0	0	0	0	0	0	0	1	0	0	5	0	0	0	0	0	3	0	27	0	0	0
4RSPS14	Cr	SPS	A	2005	0	0	0	0	0	0	0	0	0	0	0	0	0	0	0	0	0	0	0	1	0	0	0	0	0	0	0	1	0	0	0
4RSPS15	Cr	SPS	A	2005	0	0	0	0	0	0	0	0	2	0	0	4	0	0	0	0	0	0	0	0	0	0	0	0	0	1	0	32	0	0	0
3CEDS01	Mc	EDS	S	2005	2	0	0	0	0	1	0	0	0	0	0	2	0	0	0	0	0	0	0	0	92	0	6	3	6	0	0	0	0	0	0
3CEDS02	Mc	EDS	S	2005	2	0	0	0	0	0	0	0	0	0	0	0	0	0	0	2	0	3	0	0	45	0	13	17	3	0	0	0	0	0	0
3CEDS03	Mc	EDS	S	2005	2	12	0	0	2	0	0	0	0	0	0	3	0	0	1	0	0	2	0	0	11	0	7	13	1	0	0	0	0	0	0
3CEDS04	Mc	EDS	S	2005	2	0	0	0	0	0	0	0	0	0	0	0	0	0	0	0	0	2	0	0	39	0	0	1	1	0	0	0	0	1	0
3CEDS05	Mc	EDS	S	2005	2	0	0	0	0	0	0	0	0	0	0	0	0	0	0	0	0	39	0	0	16	0	2	8	4	0	0	0	0	0	0
3CEDS06	Mc	EDS	S	2005	2	0	0	0	2	2	0	0	0	0	0	0	0	0	0	0	0	40	0	0	0	0	4	5	4	0	0	0	0	0	0
3CEDS07	Mc	EDS	S	2005	2	0	0	0	0	0	0	0	0	0	0	0	0	0	0	0	0	8	0	0	3	0	17	11	3	0	0	0	0	0	0
3CEDS08	Mc	EDS	S	2005	2	0	0	0	0	0	0	0	0	0	0	0	0	0	0	0	0	9	0	0	4	0	0	0	8	0	0	0	0	0	0
3CEDS09	Mc	EDS	S	2005	2	0	0	0	0	0	0	0	0	0	0	0	0	0	0	0	0	5	0	0	9	0	1	0	0	0	0	0	0	0	0
3CEDS10	Mc	EDS	S	2005	2	0	0	0	0	1	0	0	0	0	0	0	0	0	0	0	0	4	0	0	16	0	1	1	2	0	0	0	0	0	0
3CEDS11	Mc	EDS	S	2005	2	0	0	0	0	0	0	0	0	0	0	0	0	0	0	0	0	7	0	0	17	0	0	5	2	0	0	0	0	0	0
3CEDS12	Mc	EDS	S	2005	2	0	0	0	1	1	0	0	0	0	0	0	0	0	0	0	0	30	0	0	10	0	1	1	0	0	0	0	0	0	0
3CEDS13	Mc	EDS	S	2005	2	0	0	0	0	0	0	0	0	0	0	0	0	0	0	0	3	45	0	0	15	0	5	2	2	0	0	0	0	0	0
3CEDS14	Mc	EDS	S	2005	2	0	0	0	0	0	0	0	0	0	0	3	0	0	0	0	0	6	0	0	102	0	20	17	3	0	0	0	0	0	0
3CEDS15	Mc	EDS	S	2005	2	0	0	0	0	1	0	0	0	0	0	0	0	0	0	0	0	21	0	0	5	0	18	7	6	0	0	0	0	0	0
3CEDS16	Mc	EDS	S	2005	2	0	0	0	4	1	0	0	0	0	0	0	0	0	1	0	0	32	0	0	324	0	11	5	9	0	0	0	0	0	0
3CEDS17	Mc	EDS	S	2005	2	0	0	0	0	0	0	0	0	0	0	0	0	0	0	0	0	24	0	0	142	0	2	4	11	0	0	0	0	0	0
3CEDS18	Mc	EDS	S	2005	2	1	0	0	5	8	1	0	0	0	0	0	0	0	0	0	0	44	0	0	43	0	13	8	2	0	0	0	0	0	0
3CEDS19	Mc	EDS	S	2005	2	0	0	0	10	20	2	0	0	0	0	1	0	0	0	0	0	5	2	0	3	0	0	0	0	0	0	0	0	0	0
3CEDS20	Mc	EDS	S	2005	2	0	0	0	0	0	0	0	0	0	0	0	0	0	0	0	0	20	8	0	28	0	2	3	2	0	0	0	0	0	0
3CEDS21	Mc	EDS	S	2005	2	0	0	360	0	0	0	0	0	0	0	0	0	0	0	0	0	5	0	0	19	0	8	1	9	0	0	0	0	0	0
3CEDS22	Mc	EDS	S	2005	2	0	0	0	0	0	0	0	0	0	0	0	0	0	0	0	0	3	0	0	17	0	3	8	1	0	0	0	0	0	0
3CEDS23	Mc	EDS	S	2005	2	0	0	0	0	0	0	0	0	0	0	0	0	0	0	0	0	7	0	0	47	0	5	5	2	0	0	0	0	0	0
3CEDS24	Mc	EDS	S	2005	2	0	0	0	1	1	0	0	0	0	0	0	0	0	0	0	2	1	0	0	69	0	25	7	7	0	0	0	0	0	0
3CEDS25	Mc	EDS	S	2005	2	0	0	0	0	0	0	0	0	0	0	0	0	0	0	0	0	13	0	0	18	0	11	2	29	0	0	0	0	0	0
3CEDS26	Mc	EDS	S	2005	2	3	0	0	17	1	0	0	0	0	0	0	0	0	6	0	0	5	0	0	34	0	2	3	2	0	0	0	0	0	0
3CEDS27	Mc	EDS	S	2005	2	0	0	0	0	0	0	0	0	0	0	0	0	0	0	0	0	0	7	0	95	0	12	17	13	0	0	0	0	0	0
3CEDS28	Mc	EDS	S	2005	2	1	0	0	5	0	0	0	0	0	0	0	0	0	2	0	0	5	5	0	72	0	42	25	38	0	0	0	0	1	0
4CEDS01	Mc	EDS	A	2005	2	0	0	0	0	0	0	0	0	0	0	0	0	0	0	0	0	0	0	0	0	4	24	84	13	0	0	0	0	1	0
4CEDS02	Mc	EDS	A	2005	2	0	0	0	0	0	0	0	0	0	0	0	0	0	0	0	0	0	0	0	0	0	0	1	0	0	0	0	0	0	0
4CEDS03	Mc	EDS	A	2005	2	4	0	0	0	0	0	0	0	0	0	0	0	0	0	0	0	0	43	0	3	0	2	7	1	0	0	0	0	0	0
4CEDS04	Mc	EDS	A	2005	2	0	0	0	0	0	0	0	0	0	0	0	0	0	0	0	1	0	0	0	4	1	0	0	0	0	0	0	0	0	0
4CEDS05	Mc	EDS	A	2005	2	0	0	0	0	0	0	0	0	0	0	0	0	0	0	0	0	6	5	0	151	1	2	6	1	0	0	0	0	0	0
4CEDS06	Mc	EDS	A	2005	2	0	0	0	0	0	0	0	0	0	0	0	0	0	0	0	2	1	0	0	8	4	0	1	0	0	0	0	0	1	0
4CEDS07	Mc	EDS	A	2005	2	0	0	0	3	6	1	0	0	0	0	8	0	0	0	0	0	22	3	0	1	0	0	1	0	0	0	0	0	0	0
4CEDS08	Mc	EDS	A	2005	2	0	0	0	0	0	0	0	0	0	0	0	0	0	0	0	0	0	0	0	1	0	2	8	1	0	0	0	0	0	0
4CEDS09	Mc	EDS	A	2005	2	0	0	0	0	0	0	0	0	0	0	0	0	0	0	0	0	0	0	0	0	4	2	6	1	0	0	0	0	0	0
4CEDS10	Mc	EDS	A	2005	2	0	0	0	0	0	0	0	0	0	0	0	0	0	0	0	46	0	0	0	5	0	1	5	1	0	0	0	0	0	0
4CEDS11	Mc	EDS	A	2005	2	0	0	0	0	0	0	0	0	0	0	0	0	0	0	0	71	0	0	0	2	1	0	0	0	0	0	0	0	0	0
4CEDS12	Mc	EDS	A	2005	2	0	0	0	0	0	0	0	0	0	0	0	0	0	0	0	0	1	0	0	1	5	1	3	0	0	0	0	0	0	0
4CEDS13	Mc	EDS	A	2005	2	0	0	0	0	0	0	0	0	0	0	0	0	0	0	0	0	17	8	0	4	0	8	28	4	0	0	0	0	0	0
4CEDS14	Mc	EDS	A	2005	2	0	0	0	0	0	0	0	0	0	0	0	0	0	0	0	0	44	27	0	13	0	0	0	0	0	0	0	0	0	0
4CEDS15	Mc	EDS	A	2005	2	0	0	0	0	0	0	0	0	0	0	0	0	0	0	0	0	45	5	0	5	0	1	2	0	0	0	0	0	0	0
4CEDS16	Mc	EDS	A	2005	2	0	0	0	0	0	0	0	0	0	0	1	0	0	0	0	0	20	20	0	9	1	2	7	1	0	0	0	0	0	0
4CEDS17	Mc	EDS	A	2005	2	0	0	0	0	0	0	0	0	0	0	0	0	0	0	0	0	38	0	0	12	0	0	1	0	0	0	0	0	0	0
4CEDS18	Mc	EDS	A	2005	2	0	0	0	0	0	0	0	0	0	0	0	0	0	0	0	0	33	0	0	0	0	2	6	1	0	0	0	0	0	0
4CEDS19	Mc	EDS	A	2005	2	0	0	0	0	0	0	0	0	0	0	0	0	0	0	0	0	74	8	0	0	0	4	12	2	0	0	0	0	0	0
4CEDS20	Mc	EDS	A	2005	2	0	0	0	0	0	0	0	0	0	0	0	0	0	0	0	0	3	1	0	8	0	1	3	1	0	0	0	0	1	0
4CEDS21	Mc	EDS	A	2005	2	0	0	0	0	0	0	0	0	0	0	0	0	0	0	0	0	9	0	0	1	0	1	5	1	0	0	0	0	0	0
4CEDS22	Mc	EDS	A	2005	2	0	0	0	0	0	0	0	0	0	0	0	0	0	0	0	0	8	1	0	19	0	17	57	9	0	0	0	0	0	0
4CEDS23	Mc	EDS	A	2005	2	0	0	0	0	0	0	0	0	0	0	0	0	0	0	0	0	27	0	0	7	0	6	20	3	0	0	0	0	0	0
4CEDS24	Mc	EDS	A	2005	2	0	0	0	2	3	0	0	0	0	0	0	0	0	0	0	0	0	12	0	0	7	0	0	0	0	0	0	0	0	0
4CEDS25	Mc	EDS	A	2005	2	0	0	0	0	1	0	0	0	0	0	0	0	0	0	0	0	0	0	0	1	0	7	25	4	0	0	0	0	0	0
4CEDS26	Mc	EDS	A	2005	2	2	0	0	0	0	0	0	0	0	0	19	0	0	0	0	0	3	0	0	34	0	1	5	1	0	0	0	0	0	0
4CEDS27	Mc	EDS	A	2005	2	0	0	0	0	0	0	0	0	0	0	0	0	0	0	0	1	0	0	0	0	0	3	0	3	0	0	0	0	0	0
4CEDS28	Mc	EDS	A	2005	2	30	0	0	6	12	2	0	0	0	0	12	0	0	0	9	2	0	0	0	4	1	0	3	10	0	0	0	0	0	0
4CEDS29	Mc	EDS	A	2005	2	0	0	0	0	0	0	0	0	0	0	0	0	0	0	0	1	0	0	0	3	0	4	1	0	0	0	0	0	0	0
3CSPL01	Mc	SPL	S	2005	2	0	0	0	8	17	2	0	0	0	0	17	0	0	0	0	0	0	14	0	11	0	22	2	1	0	0	0	0	0	0
3CSPL02	Mc	SPL	S	2005	2	46	0	0	15	6	1	0	0	0	0	0	0	0	4	0	0	98	14	0	10	0	12	0	0	0	0	0	0	0	0
3CSPL03	Mc	SPL	S	2005	2	0	0	0	0	1	0	0	0	0	0	0	0	0	0	0	0	0	0	0	5	0	1	1	0	0	0	0	0	0	0
3CSPL04	Mc	SPL	S	2005	2	242	0	0	55	0	0	0	0	0	0	1	0	0	18	0	0	0	54	0	21	0	1	0	0	0	0	0	0	0	0
3CSPL05	Mc	SPL	S	2005	2	0	0	0	31	20	2	0	0	0	0	0	0	0	7	0	0	115	25	0	5	0	0	0	0	0	0	0	0	0	0
3CSPL06	Mc	SPL	S	2005	2	0	0	0	0	0	0	0	0	0	0	0	0	0	0	0	0	1	4	0	0	0	0	0	0	0	0	0	0	0	0
3CSPL07	Mc	SPL	S	2005	2	113	0	0	0	0	0	0	0	0	0	0	0	0	0	0	0	0	8	0	8	0	0	0	0	0	0	0	0	0	0
3CSPL08	Mc	SPL	S	2005	2	179	0	0	0	0	0	0	0	0	0	0	0	259	0	0	0	39	78	0	42	0	1	0	0	0	0	0	0	0	0
3CSPL09	Mc	SPL	S	2005	2	50	0	0	3	6	1	0	0	0	0	9	0	9	0	0	0	0	69	0	33	0	3	0	0	0	0	0	0	0	0
3CSPL10	Mc	SPL	S	2005	2	0	0	1	0	0	0	0	0	0	0	3	0	0	0	0	0	0	8	0	3	0	1	0	0	0	0	0	0	0	0
3CSPL11	Mc	SPL	S	2005	2	37	0	0	60	0	0	0	0	0	0	4	0	0	20	0	0	0	52	0	5	0	3	0	0	0	0	0	0	0	0
3CSPL12	Mc	SPL	S	2005	2	0	0	0	188	23	3	0	0	0	0	0	0	0	59	0	0	0	12	0	21	0	12	0	0	0	0	0	0	0	0
3CSPL13	Mc	SPL	S	2005	2	290	0	0	0	0	0	0	0	0	0	2	0	0	0	0	0	0	0	0	8	0	1	0	0	0	0	0	0	0	0
3CSPL14	Mc	SPL	S	2005	2	23	0	0	52	21	3	0	0	0	0	15	0	0	14	0	0	98	19	0	44	0	0	0	0	0	0	0	0	0	0
3CSPL15	Mc	SPL	S	2005	2	0	0	30	209	418	52	0	0	0	0	10	0	0	0	0	0	0	215	0	210	0	14	0	0	0	0	0	0	0	0
3CSPL16	Mc	SPL	S	2005	2	0	0	0	103	101	13	0	0	0	0	0	0	0	18	0	0	0	9	0	75	0	0	0	0	0	0	0	0	0	0
3CSPL17	Mc	SPL	S	2005	2	0	0	0	2	3	0	0	0	0	0	0	0	0	0	0	0	0	159	0	206	0	12	0	0	0	0	0	0	0	0
3CSPL18	Mc	SPL	S	2005	2	0	0	0	0	0	0	0	0	0	0	0	0	0	0	0	0	2	54	0	72	0	6	0	0	0	0	0	0	0	0
3CSPL19	Mc	SPL	S	2005	2	0	0	0	0	0	0	0	0	0	0	0	0	0	0	0	0	0	0	0	290	0	0	0	0	0	0	0	0	0	0
3CSPL20	Mc	SPL	S	2005	2	18	0	0	11	0	0	0	0	0	0	4	0	0	4	0	0	0	9	0	0	0	0	0	0	0	0	0	0	0	0
3CSPL21	Mc	SPL	S	2005	2	7	0	5	1	0	0	0	0	0	0	0	0	0	0	0	0	0	0	0	11	0	21	0	0	0	0	0	0	0	0
3CSPL22	Mc	SPL	S	2005	2	0	0	0	596	0	0	0	0	0	0	0	0	0	199	0	0	0	22	0	1	0	26	0	0	0	0	0	0	0	0
3CSPL23	Mc	SPL	S	2005	2	0	0	9	373	508	64	0	0	0	0	0	0	0	40	0	0	0	7	0	51	0	0	8	0	0	0	0	0	0	0
3CSPL24	Mc	SPL	S	2005	2	0	0	0	0	0	0	0	0	0	0	0	0	0	0	0	0	0	34	0	55	0	11	2	0	0	0	0	0	0	0
3CSPL25	Mc	SPL	S	2005	2	0	0	3	0	0	0	0	0	0	0	0	0	0	0	0	0	0	27	0	13	0	5	0	0	0	0	0	0	0	0
4CSPL01	Mc	SPL	A	2005	2	0	0	0	0	0	0	0	0	0	0	0	0	0	0	0	0	0	0	0	8	0	0	0	0	0	0	0	0	0	0
4CSPL02	Mc	SPL	A	2005	2	0	0	0	0	0	0	0	0	0	0	0	0	0	0	0	0	0	85	0	0	0	51	0	0	0	0	0	0	0	0
4CSPL03	Mc	SPL	A	2005	2	0	0	0	0	0	0	0	0	0	0	0	0	0	0	0	0	0	27	0	9	0	11	0	0	0	0	0	0	0	0
4CSPL04	Mc	SPL	A	2005	2	125	0	0	0	0	0	0	0	0	0	0	0	0	0	0	0	0	20	0	0	0	6	0	0	0	0	0	0	0	0
4CSPL05	Mc	SPL	A	2005	2	0	0	44	0	0	0	0	0	0	0	0	0	0	0	0	0	0	13	0	1	0	3	0	0	0	0	0	0	0	0
4CSPL06	Mc	SPL	A	2005	2	746	0	0	2	5	1	0	0	0	0	2	2	0	0	2	0	0	0	0	0	0	1	0	0	0	0	0	0	0	0
4CSPL07	Mc	SPL	A	2005	2	0	0	0	170	341	43	0	0	0	0	0	0	0	0	0	0	0	0	0	0	0	0	0	0	0	0	0	0	0	0
4CSPL08	Mc	SPL	A	2005	2	0	0	0	0	0	0	0	0	0	0	0	0	0	0	0	0	10	21	0	3	1	7	0	0	0	0	0	0	0	0
4CSPL09	Mc	SPL	A	2005	2	0	0	0	0	0	0	0	0	0	0	0	0	0	0	0	0	0	47	0	53	0	6	0	0	0	0	0	0	0	0
4CSPL10	Mc	SPL	A	2005	2	19	0	0	0	0	0	0	0	0	0	0	0	0	0	0	0	149	261	0	1	0	9	0	0	0	0	0	0	0	0
4CSPL11	Mc	SPL	A	2005	2	96	0	0	0	0	0	0	0	0	0	0	0	0	0	0	0	0	42	0	8	0	0	0	0	0	0	0	0	0	0
4CSPL12	Mc	SPL	A	2005	2	0	0	0	0	0	0	0	0	0	0	0	0	0	0	0	0	0	27	0	28	0	0	0	0	0	0	0	0	0	0
4CSPL13	Mc	SPL	A	2005	2	0	0	0	0	0	0	0	0	0	0	0	0	0	0	0	0	0	15	0	25	0	0	0	0	0	0	0	0	0	0
4CSPL14	Mc	SPL	A	2005	2	12	0	0	0	0	0	0	0	0	0	0	0	0	0	0	0	0	11	0	11	0	0	0	0	0	0	0	0	0	0
4CSPL15	Mc	SPL	A	2005	2	0	0	0	0	0	0	0	0	0	0	0	0	0	0	0	0	0	206	0	5	0	0	0	0	0	0	0	0	0	0
4CSPL16	Mc	SPL	A	2005	2	0	0	0	0	0	0	0	0	0	0	0	0	0	0	0	0	0	6	0	1	0	0	0	0	0	0	0	0	0	0
4CSPL17	Mc	SPL	A	2005	2	0	0	0	0	0	0	0	0	0	0	0	0	0	0	0	0	0	26	0	31	0	0	0	0	0	0	0	0	0	0
4CSPL18	Mc	SPL	A	2005	2	0	0	0	0	0	0	0	0	0	0	0	0	0	0	0	0	0	29	0	31	0	0	0	0	0	0	0	0	0	0
4CSPL19	Mc	SPL	A	2005	2	0	0	0	0	0	0	0	0	0	0	0	0	0	0	0	0	0	0	0	9	0	0	0	0	0	0	0	0	0	0
4CSPL20	Mc	SPL	A	2005	2	0	0	0	0	0	0	0	0	0	0	0	0	0	0	0	0	1	4	0	6	0	2	0	0	0	0	0	0	0	0
4CSPL21	Mc	SPL	A	2005	2	0	0	0	0	0	0	0	0	0	0	0	0	0	0	0	0	0	1	0	2	0	0	0	0	0	0	0	0	0	0
4CSPL22	Mc	SPL	A	2005	2	0	0	0	0	0	0	0	0	0	0	1	0	0	0	0	0	0	25	0	24	0	0	0	0	0	0	0	0	0	0
4CSPL23	Mc	SPL	A	2005	2	0	0	0	7	14	2	0	0	0	0	0	0	0	0	0	0	0	22	0	4	0	0	0	0	0	0	0	0	0	0
4CSPL24	Mc	SPL	A	2005	2	0	0	0	0	0	0	0	0	0	0	0	0	0	0	0	0	16	11	0	4	0	0	0	0	0	0	0	0	0	0
4CSPL25	Mc	SPL	A	2005	2	0	0	0	0	0	0	0	0	0	0	0	0	0	0	0	0	0	28	0	0	0	0	0	0	0	0	0	0	0	0
4CSPL26	Mc	SPL	A	2005	2	0	0	0	0	0	0	0	0	0	0	0	0	0	0	0	0	18	5	0	9	0	2	0	0	0	0	0	0	0	0
4CSPL27	Mc	SPL	A	2005	2	0	0	0	0	0	0	0	0	0	0	0	0	0	0	0	0	0	156	0	1	0	0	1	0	0	0	0	0	0	0
4CSPL28	Mc	SPL	A	2005	2	0	0	0	0	0	0	0	0	0	0	0	0	0	0	0	0	0	21	0	0	0	0	0	0	0	0	0	0	0	0
4CSPL29	Mc	SPL	A	2005	2	160	0	0	0	0	0	0	0	0	0	0	0	0	0	0	0	0	30	0	3	0	1	0	0	0	0	0	0	0	0
4CSPL30	Mc	SPL	A	2005	2	0	0	0	0	0	0	0	0	0	0	0	51	10	0	0	0	0	3	0	2	0	0	0	0	0	0	0	0	0	0
4CSPL31	Mc	SPL	A	2005	2	0	0	0	0	0	0	0	0	0	0	0	0	0	0	0	0	0	10	0	0	0	0	0	0	0	0	0	0	0	0
3CSPS01	Mc	SPS	S	2005	2	0	0	0	0	0	0	0	0	0	0	0	0	0	0	0	0	0	0	0	9	0	122	73	0	0	0	0	0	0	0
3CSPS02	Mc	SPS	S	2005	2	0	0	0	0	0	0	0	0	0	0	0	0	0	0	0	0	0	0	0	23	1	1	54	0	0	0	0	0	0	0
3CSPS03	Mc	SPS	S	2005	2	0	0	0	0	0	0	0	0	0	0	0	0	0	0	0	0	0	0	0	0	0	14	8	2	0	0	0	0	0	0
3CSPS04	Mc	SPS	S	2005	2	0	0	0	0	0	0	0	0	0	0	0	0	0	0	0	5	0	0	0	2	0	8	7	0	0	0	0	0	0	0
3CSPS05	Mc	SPS	S	2005	2	0	0	0	0	0	0	0	0	0	0	0	0	0	0	0	0	1	0	0	15	3	0	59	2	0	0	0	0	0	0
3CSPS06	Mc	SPS	S	2005	2	0	0	0	0	0	0	0	0	0	0	0	0	0	0	0	0	0	0	0	3	1	0	0	0	0	0	0	0	0	0
3CSPS07	Mc	SPS	S	2005	2	0	0	0	0	0	0	0	0	0	0	0	0	0	0	0	0	0	0	0	11	2	5	0	1	0	0	0	0	0	0
3CSPS08	Mc	SPS	S	2005	2	0	0	0	0	0	0	0	0	0	0	0	0	0	0	0	0	0	0	0	3	2	1	0	0	0	0	0	0	0	0
3CSPS09	Mc	SPS	S	2005	2	0	0	0	0	1	0	0	0	0	0	0	0	0	0	0	0	0	0	0	15	12	10	41	2	0	0	0	0	0	0
3CSPS10	Mc	SPS	S	2005	2	0	0	0	0	0	0	0	0	0	0	0	0	0	0	0	0	11	0	0	10	0	0	0	0	0	0	0	0	0	0
3CSPS11	Mc	SPS	S	2005	2	0	0	0	0	0	0	0	0	0	0	0	0	0	0	0	0	1	0	0	45	0	0	0	0	0	0	0	0	0	0
3CSPS12	Mc	SPS	S	2005	2	0	0	0	0	0	0	0	0	0	0	0	0	0	0	0	0	0	0	0	1	0	8	80	1	0	0	0	0	0	0
3CSPS13	Mc	SPS	S	2005	2	0	0	0	0	0	0	0	0	0	0	0	0	0	0	0	0	1	0	0	14	2	0	0	0	0	0	0	0	0	0
3CSPS14	Mc	SPS	S	2005	2	0	0	0	0	0	0	0	0	0	0	8	0	0	0	0	2	0	0	0	1	0	0	2	2	0	0	0	0	0	0
3CSPS15	Mc	SPS	S	2005	2	0	0	0	0	0	0	0	0	0	0	0	0	0	0	0	3	0	0	0	4	0	2	1	1	0	0	0	0	0	0
3CSPS16	Mc	SPS	S	2005	2	0	0	0	0	0	0	0	0	0	0	0	0	0	0	0	0	0	0	0	13	8	18	184	18	0	0	0	0	0	0
3CSPS17	Mc	SPS	S	2005	2	0	0	0	0	0	0	0	0	0	0	0	0	0	0	0	0	0	0	0	7	2	0	0	2	0	0	0	0	0	0
3CSPS18	Mc	SPS	S	2005	2	0	0	0	0	0	0	0	0	0	0	0	0	0	0	0	0	0	0	0	14	0	0	1	0	0	0	0	0	0	0
3CSPS19	Mc	SPS	S	2005	2	0	0	0	0	0	0	0	0	0	0	0	0	0	0	0	0	1	0	0	9	1	5	3	0	0	0	0	0	0	0
3CSPS20	Mc	SPS	S	2005	2	0	0	0	0	0	0	0	0	0	0	0	0	0	0	0	0	0	0	0	25	0	6	39	23	0	0	0	0	0	0
3CSPS21	Mc	SPS	S	2005	2	0	0	0	0	0	0	0	0	0	0	0	0	0	0	0	2	7	0	0	59	2	0	0	0	0	0	0	0	0	0
3CSPS22	Mc	SPS	S	2005	2	0	0	0	0	0	0	0	0	0	0	16	0	0	0	0	0	5	0	0	20	3	3	0	0	0	0	0	0	0	0
3CSPS23	Mc	SPS	S	2005	2	0	0	0	0	0	0	0	0	0	0	0	0	0	0	0	0	0	0	0	0	0	0	0	0	0	0	0	0	0	0
